  1) 0000 0000 0000 0000 0001
  2) 0000 0000 0000 0000 0010
  3) 0000 0000 0000 0000 0110
  4) 0000 0000 0000 0001 1000
  5) 0000 0000 0000 0111 1000
  6) 0000 0000 0010 1101 0000
  7) 0000 0001 0011 1011 0000
  8) 0000 1001 1101 1000 0000
  9) 0101 1000 1001 1000 0000
 -9) 1010 0111 0110 1000 0000

 12) 0001 1100 1000 1100 1111 1100 0000 0000 
-12) 1110 0011 0111 0011 0000 0100 0000 0000 

Hay que empezar multiplicando por 2. 
Sabiendo que n>8 :
n!= 2^7*nos_impares()*3
else: 
multiplicar()

1) Comparador con dato de entrada
2) Sumador
